-439.4406127223268 -439.4548439228258
-439.3192820218941 -439.33401561586874
-439.2869237379966 -439.30234163779096
-439.31566614567834 -439.3331050397649
-439.3459522553018 -439.3662798627956
-439.28103026875203 -439.3039362743157
-439.3432720970249 -439.3620694027943
-439.40479293240776 -439.42078813657474
-439.34660121965237 -439.36239785755333
-439.31200746595204 -439.3303890827149
-439.34212617112723 -439.3622614167491
-439.3491662193427 -439.3709315824692
-439.3176230797316 -439.3402272811817
-439.319555931708 -439.34181412150565
-439.3679263748826 -439.3893615469931
-439.37865963407336 -439.3988747817158
-439.3440958673207 -439.3618015622322
-439.3236453132558 -439.3367503568314
-439.3587986146916 -439.37095683178325
-439.3715097062804 -439.3827678228145
-439.35843719305944 -439.36813489261607
-439.3338453653333 -439.3413797496022
-439.3349180109677 -439.3401625205454
-439.3594700828586 -439.3627058443717
-439.3688085680247 -439.3704845986597
-439.2967518376354 -439.2953614650809
-439.2860115034841 -439.28403166498435
-439.30088658056405 -439.2989599289839
-439.33182951862875 -439.33010654243895
-439.35954306379654 -439.3577947570799
-439.3671417617715 -439.3645334955627
-439.3675834297817 -439.3633014318971
-439.3779593490484 -439.37141248464695
-439.33839138115366 -439.33144562969073
-439.29797131591 -439.2904602486699
-439.2737117936326 -439.26518914295366
-439.2745395367908 -439.26482594684757
-439.290224397514 -439.27947150426536
-439.3155191497698 -439.303829444709
-439.38622565117356 -439.372968446501
-439.41215189806996 -439.40013674364513
-439.4023667924214 -439.3914378439444
-439.30180580840283 -439.29052201885224
-439.2651086961798 -439.2526950718546
-439.2582374129819 -439.2450861829753
-439.26601309381306 -439.2521803262698
-439.3082547980976 -439.29118411067634
-439.36403928278014 -439.34782835228197
-439.41199877959957 -439.3987509404653
-439.37567685797 -439.3635726091652
-439.33974090264314 -439.32831963044384
-439.324405490542 -439.31352404051273
-439.319782711401 -439.3092212118862
-439.31426065036726 -439.3032193909777
-439.2972153563887 -439.28492253294405
-439.28428485939264 -439.2705765622868
-439.29525240861904 -439.28019995630154
-439.3308488746912 -439.31483919789696
-439.35652012368706 -439.34006705621647
-439.3365742319915 -439.31974379596556
-439.35193497789317 -439.33466320178746
-439.3606313831894 -439.342968911807
-439.35538910962913 -439.3375211270659
-439.3323893112666 -439.31523946541023
-439.3136999869651 -439.29936765180327
-439.32134728447596 -439.3085580560148
-439.3122934031987 -439.30127506048655
-439.29443691058464 -439.2851271055222
-439.28773131751757 -439.2794186132168
-439.2975106815636 -439.2894944010326
-439.3185750156566 -439.3109790098645
-439.3368434614471 -439.3287493510878
-439.33902186897296 -439.3303802090295
-439.34711703869004 -439.33832682513093
-439.3648886589904 -439.35611202420046
-439.3473892069753 -439.338214185671
-439.31495734348937 -439.30536107536415
-439.29267725908164 -439.2825475820589
-439.2917657048538 -439.28127203066254
-439.3375733524603 -439.32968687872057
-439.34769751198144 -439.34103617793266
-439.37676977608726 -439.3715953998256
-439.4215796093715 -439.42099924873423
-439.4075899091658 -439.4099295032462
-439.3790263347145 -439.38333680762736
-439.35736158138394 -439.3616111712007
-439.34078454093986 -439.3420841600399
-439.3364813867416 -439.3367211759267
-439.35499152406464 -439.354862151945
-439.3823487089182 -439.38224021142435
-439.39533814577686 -439.39536327775176
-439.40528635647456 -439.40514517419444
-439.4207859348689 -439.41992140005584
-439.42815926814296 -439.4263087982385
-439.41642169110855 -439.41370343482913
-439.39104805304413 -439.38787703988135
-439.3566141390266 -439.35364402958214
-439.35106644486706 -439.34865766796884
-439.34083986168804 -439.33942682108665
-439.33529301108155 -439.33509727226027
-439.3359714453634 -439.3368143764527
-439.35020999369635 -439.3519062490998
-439.37775099146387 -439.38028933593637
-439.4036906535737 -439.40716693242143
-439.4202498977712 -439.4259292246006
-439.4251245455033 -439.4316093768604
-439.4091704281131 -439.4155186383697
-439.37006380206077 -439.37564437245106
-439.3423559984956 -439.34726342942554
-439.3385552481217 -439.34297403387893
-439.3460034943421 -439.35028005165765
-439.3544855283374 -439.35878718994036
-439.369156411175 -439.37353594977526
-439.3928197591911 -439.3971008908722
-439.4196495873793 -439.4234572280903
-439.4319141673311 -439.4348974066038
-439.415871640147 -439.41789459766443
-439.3838683832058 -439.3851577590934
-439.29514062424437 -439.29657632443843
-439.30822230770247 -439.3096881695282
-439.38176886148864 -439.3834227587339
-439.4176643534843 -439.41878947301757
-439.3861220574262 -439.3850923769458
-439.25370562871655 -439.25342464973386
-439.3093498931256 -439.3075592386466
-439.325768644936 -439.3240300037791
-439.36839054670907 -439.36810322153434
-439.41452347922683 -439.4151029841449
-439.4013330046465 -439.4041988214352
-439.34007660951517 -439.34374645429705
-439.27152282808873 -439.27538993510314
-439.27396575750043 -439.2782565493604
-439.26917728822855 -439.27463335553693
-439.2604540525055 -439.26727221540784
-439.31796594319826 -439.3255486061972
-439.3775048100525 -439.3849110020628
-439.4117116994746 -439.41924286394806
-439.4035705697262 -439.41167951003774
-439.3705674576088 -439.37931327936144
-439.34125742041 -439.3502613228418
-439.31947878742795 -439.32794146459617
-439.3032077118108 -439.310768369875
-439.2840453719823 -439.2907605235109
-439.2716473201809 -439.2776963525801
-439.27813851473564 -439.2839971889523
-439.310287407016 -439.31601410725546
-439.33583819120497 -439.34151699415304
-439.35315282348466 -439.3593879093746
-439.35273888387707 -439.35911672460975
-439.3474729364107 -439.35418535871935
-439.30793296903244 -439.318498376039
-439.30090538363197 -439.31297203348186
-439.293281678393 -439.30715719630433
-439.31847139469784 -439.3337446947546
-439.31895246479525 -439.334828911923
-439.3267341593428 -439.3428042779177
-439.34684223090034 -439.36247679525013
-439.33259785933075 -439.345367414536
-439.2866923595793 -439.29768484745705
-439.249816631817 -439.2593637000352
-439.24992939580164 -439.258507684744
-439.2535456257654 -439.2612894085574
-439.2329875323021 -439.23968744246247
-439.22285254264926 -439.22846802622394
-439.23307586046184 -439.23810058417087
-439.28084202038195 -439.28673769527325
-439.3322952687157 -439.3398560957837
-439.37122839496936 -439.3805397787381
-439.3663753258665 -439.3767636334085
-439.3288050546816 -439.33904000614393
-439.2963714224556 -439.3057741060966
-439.2796852643526 -439.28836159190547
-439.246534748156 -439.2554966612738
-439.20413978934414 -439.21377338342955
-439.16802206195706 -439.1779516880681
-439.1708933802224 -439.18023135231454
-439.2219198179629 -439.2303398333464
-439.29500973747656 -439.3027085990457
-439.3482644884253 -439.35555118040566
-439.3605860762313 -439.36690833134105
-439.267630783514 -439.27122094338677
-439.18033880613643 -439.18060214096704
-439.2004374897657 -439.1998523514467
-439.2442071405993 -439.2436190027829
-439.35309804696413 -439.35090878360535
-439.40304756688255 -439.39961423667484
-439.4279165153663 -439.4232980342304
-439.39728261701526 -439.3916919189862
-439.31985182832204 -439.31334348173493
-439.25956581843565 -439.25231831554277
-439.25216121927866 -439.24427158921765
-439.2551331108276 -439.2474547520256
-439.2239273651946 -439.2163964461064
-439.2278302943238 -439.2199806403619
-439.2831900364784 -439.2747364947659
-439.34800236114154 -439.3383733533744
-439.3657974920796 -439.3548431510912
-439.3450118842159 -439.33319345603746
-439.33461245431147 -439.3219827901572
-439.3424905315891 -439.3290481889376
-439.3376765924598 -439.32378136539853
-439.30011358671504 -439.28619680945167
-439.25264196283956 -439.2388435984013
-439.2321920890593 -439.21811622401253
-439.242258941401 -439.22754976502665
-439.26311325801504 -439.2477638422432
-439.2776651726719 -439.26231525795254
-439.27575678373177 -439.26121311499617
-439.26677343436756 -439.25320745039414
-439.29981224782364 -439.2868944709961
-439.366573751295 -439.354119384717
-439.39661367950714 -439.38478163395223
-439.35951544423943 -439.348280316896
-439.3072705350457 -439.2965582638917
-439.27568902738 -439.2657264471429
-439.25461323729337 -439.2454863429933
-439.2392710223457 -439.2311361809042
-439.2225848914541 -439.2153341184038
-439.2089356873245 -439.20285013261105
-439.32937325563785 -439.3220129599296
-439.3650251240924 -439.3571511833765
-439.35245504190715 -439.34495779585984
-439.3247307482418 -439.31791480453484
-439.303873411164 -439.29769321664696
-439.2921917807397 -439.2869651916331
-439.2238086147049 -439.22200850715336
-439.16379052812755 -439.16348596842
-439.2300866896827 -439.2300185706614
-439.3076678212849 -439.3065201362766
-439.3416629244879 -439.3385050017113
-439.3166067344553 -439.3107695894721
-439.35924030991316 -439.3563543625391
-439.32481768862084 -439.32296540977285
-439.2515776711007 -439.25004793929537
-439.1935540158667 -439.192170929145
-439.2016743016934 -439.19971184141605
-439.2412837669521 -439.23794893314573
-439.26304030428844 -439.2582986443298
-439.2260505608178 -439.2213439723755
-439.27704151491054 -439.2747009174574
-439.3919780838032 -439.39354011257484
-439.25938407358694 -439.2614554889048
-439.2103087738745 -439.2113130474689
-439.23558262778556 -439.2336995918396
-439.1870083713281 -439.18377668504957
-439.12418291324303 -439.12068468017566
-439.13144617645975 -439.1288987493456
-439.2220075746835 -439.2209890099899
-439.3399165793527 -439.3406008554785
-439.3275553717683 -439.32832221633913
-439.3336018506377 -439.33328646265664
-439.3482363790633 -439.34701204336875
-439.3085651167463 -439.30608961996654
-439.2231236496904 -439.2195520957091
-439.1629600638307 -439.15890128711925
-439.24132569969834 -439.23864487622546
-439.28604682386344 -439.28484834009475
-439.2676676549424 -439.26849899199925
-439.24147549837966 -439.24395235131306
-439.28096368248987 -439.2837210967414
-439.3656004272204 -439.36749906550546
-439.39249607975177 -439.39342751114236
-439.3402190339109 -439.33985384120206
-439.2622020303238 -439.26089222939675
-439.2247637343622 -439.22368811288857
-439.22817813747423 -439.2279966507677
-439.2018977071744 -439.20367908206924
-439.15333757342637 -439.15575641947976
-439.21186393180983 -439.2136216730863
-439.3107430344673 -439.3115252114336
-439.3639462470505 -439.3643042159263
-439.31191619896254 -439.31252166149466
-439.3283088278421 -439.3285525557243
-439.3041933082207 -439.3040924504146
-439.22454166223906 -439.2248516318758
-439.1417937686734 -439.14370465438344
-439.12771165860005 -439.1315167399416
-439.19299014152097 -439.19815955392926
-439.242490374241 -439.24829573815316
-439.24291424600466 -439.24831017652826
-439.24633256755624 -439.2510193541193
-439.2920690845991 -439.2961627470738
-439.34693123934477 -439.3510871893119
-439.341227052503 -439.3466595756279
-439.2205362550292 -439.22738715894377
-439.2188720882805 -439.2263009667223
-439.2444106273457 -439.25246570219736
-439.24820813956467 -439.2569320970388
-439.1987979221102 -439.20774830205386
-439.2299689460144 -439.23853590334693
-439.29041294520937 -439.29809173711396
-439.34440558731893 -439.35084820981194
-439.3441317047164 -439.34951210673046
-439.3002174797877 -439.30502949413125
-439.2830341696579 -439.28834638471227
-439.29217961725 -439.300110056662
-439.21325963102174 -439.22210226764815
-439.1312608669195 -439.1408398070472
-439.11958669241506 -439.12977976803927
-439.21359109291757 -439.2242279819186
-439.23274067060606 -439.24339459719647
-439.2295757686946 -439.240320842709
-439.2565399939193 -439.26739733469594
-439.3308181802475 -439.3420423831136
-439.3854637323587 -439.3973778652667
-439.35442209859616 -439.3667194779958
-439.273434319127 -439.2859651913848
-439.22709458007387 -439.23983714696715
-439.25384519591654 -439.2658560955202
-439.247211495332 -439.2580963783064
-439.1939191654588 -439.20358904403764
-439.15720839311984 -439.16547297519804
-439.20675161983024 -439.2136408740836
-439.3193734249405 -439.32548860048314
-439.38626380153704 -439.3921308824652
-439.31105392455515 -439.31534540984853
-439.3015096124636 -439.3047212917928
-439.3234656636838 -439.3260655126271
-439.3100285178873 -439.31254580118014
-439.24846607629485 -439.2511577436851
-439.1764475506918 -439.1788854616384
-439.15901133793835 -439.16090795941693
-439.2281210479859 -439.2295681631788
-439.3001396280116 -439.30164091380334
-439.3211860570124 -439.32261494116153
-439.3149776976063 -439.3161830071001
-439.31716761554867 -439.3180144119782
-439.3412552162877 -439.3414208998732
-439.36862445578527 -439.3679635801967
-439.15354340035196 -439.149851323469
-439.18542831497433 -439.1814992185074
-439.21588482229845 -439.2115839643525
-439.2324302703231 -439.2276067720735
-439.2454642794325 -439.24007431104405
-439.27923355534097 -439.2731353366057
-439.35148111918204 -439.34455449171367
-439.35475293463 -439.34703070839225
-439.28103843216786 -439.2733511567885
-439.2617923629038 -439.25498658036634
-439.24925150574745 -439.24297602416374
-439.21650026222113 -439.2107456270619
-439.18685302152403 -439.1814756215456
-439.1981585089563 -439.1930536818711
-439.25737230859033 -439.25246971135783
-439.32243435214514 -439.31780384103985
-439.3513777431257 -439.34711908405797
-439.33698681102976 -439.33268855317164
-439.31916650955947 -439.31455732624516
-439.3173040534393 -439.312941102193
-439.2856643950411 -439.28182427818933
-439.23819628143457 -439.23489067121324
-439.1950116754052 -439.19143108535445
-439.2180254059975 -439.21393630350514
-439.23156894831436 -439.2285286356113
-439.2129194886937 -439.2128875864412
-439.32101789064546 -439.3178786526459
-439.2987955760108 -439.2955691974322
-439.2802597783505 -439.2778070958747
-439.2618969634726 -439.2606214433313
-439.23319711439893 -439.23279395346196
-439.1843501998513 -439.185048855722
-439.1311405381695 -439.1330505215617
-439.1403732526772 -439.14285300628944
-439.1795764791507 -439.1815539752271
-439.28921618844225 -439.29249700882286
-439.32946879481494 -439.33131730588025
-439.3615509375648 -439.36147183978096
-439.33310309313924 -439.3324913033564
-439.2390041874921 -439.24002734334715
-439.1431696307848 -439.14712337864864
-439.1189054553604 -439.1258218092505
-439.15065621784845 -439.1586400375028
-439.15825205862797 -439.1643090558331
-439.1920312122697 -439.19589675655095
-439.263924565496 -439.2665393217027
-439.3417903009869 -439.34461597628444
-439.3766997339791 -439.37981482906525
-439.33610818257927 -439.33836703308066
-439.24996112427795 -439.2511062522251
-439.19446853613573 -439.1960797368546
-439.16998490088116 -439.17377773630267
-439.1257094448 -439.13165903584456
-439.0595924974347 -439.0661413757149
-439.0338533288188 -439.0397251282185
-439.09165189146563 -439.0963067108124
-439.17876990645107 -439.1827600401441
-439.2294063506038 -439.23269888264394
-439.2457800947813 -439.248654144955
-439.25629495538607 -439.2597705837615
-439.2668335715312 -439.272526685535
-439.2863043252114 -439.29547924043686
-439.2817062267978 -439.29399361785136
-439.20840716056944 -439.22158356765743
-439.11689480603064 -439.1288306788981
-439.1061572202293 -439.11590202582175
-439.17159048151524 -439.17973936747296
-439.21407872095915 -439.22154437920295
-439.1952999528311 -439.20228337681954
-439.12791179834585 -439.13133094560743
-439.18729934268123 -439.1869884194309
-439.26303344701915 -439.2588699936764
-439.2783614032004 -439.272736189225
-439.24628897491544 -439.2418907449198
-439.22906073878704 -439.2268622236292
-439.24555728795065 -439.2450400212149
-439.2485876023458 -439.24899495143575
-439.1604020302552 -439.162055080246
-439.1251815166955 -439.12733558522245
-439.1483100793377 -439.15094775723713
-439.23398191798964 -439.2380293229639
-439.2152979543312 -439.21906871296187
-439.21337236779505 -439.2154264191571
-439.26638346799126 -439.265838678399
-439.32588312323793 -439.32330369038084
-439.3114190197245 -439.3073917415014
-439.25914493992457 -439.2545649687974
-439.22732685646685 -439.2213160111092
-439.22222096637444 -439.21350886832363
-439.1326487020408 -439.1195556134289
-439.0998432534331 -439.0866718226039
-439.16896341265294 -439.1568539608069
-439.2793070805066 -439.26950249372624
-439.34508192632416 -439.3375713602789
-439.33055164471926 -439.32399708083
-439.2805279737733 -439.2734015556115
-439.3088512444727 -439.3019141423043
-439.3246659579312 -439.31850634874604
-439.2636111447492 -439.2585848270753
-439.1393181583869 -439.1357273366883
-439.20182072616274 -439.1970207371629
-439.2751262414896 -439.2680617632281
-439.29848806013484 -439.28931904183685
-439.2802041310656 -439.2692180466538
-439.32017958946943 -439.3090444187514
-439.35522902504385 -439.34357482447484
-439.3090663776924 -439.2961792602898
-439.19302570680287 -439.17924159623976
-439.1120336279347 -439.09808746580677
-439.12358695667285 -439.1099814835313
-439.19426894061763 -439.18077925046356
-439.2427252629271 -439.2295526114318
-439.24780990092694 -439.2349037413332
-439.2516203929771 -439.2389529344305
-439.3552311203206 -439.3441566426727
-439.2960475525365 -439.28760098269845
-439.2084745631731 -439.20132594523125
-439.1623625017887 -439.156178424401
-439.17581224645716 -439.1695822490233
-439.2005263893646 -439.1933848402589
-439.20890989093033 -439.20041936420165
-439.2101607439333 -439.20051980216294
-439.2470126073099 -439.23746175251745
-439.3171704999555 -439.3086761195349
-439.3512439447395 -439.34369594951244
-439.3155487557581 -439.30828040848957
-439.2391644081344 -439.2315123487518
-439.1858576018038 -439.1774830853633
-439.2119288853888 -439.20466170917007
-439.2350584004295 -439.2298032734967
-439.2246774470564 -439.2212925196934
-439.2026859393999 -439.20003197813895
-439.29584784817285 -439.29182927077966
-439.255785939195 -439.25285049496506
-439.2016310628007 -439.2009535955845
-439.1969454797802 -439.19896725534176
-439.22015164929593 -439.2239034332541
-439.23556020560335 -439.23884741628785
-439.2190079003093 -439.220492808391
-439.1996632441929 -439.1991443599969
-439.21751766874155 -439.2155850451352
-439.2783129397215 -439.276172104715
-439.27011238030553 -439.26950349780407
-439.20647977808164 -439.20669377527724
-439.19707650260494 -439.1976083809533
-439.216781627955 -439.21686579725196
-439.2275984261016 -439.22795384833853
-439.2278345120887 -439.2293396393826
-439.2797284216113 -439.2827671081045
-439.33737775701593 -439.33977011940465
-439.3433590918267 -439.3446149556388
-439.29582164360795 -439.2961097038511
-439.2399544635227 -439.2398452596211
-439.2240032305394 -439.22443806749317
-439.2428625987935 -439.244100088275
-439.25835436752 -439.2601311167489
-439.25005029599066 -439.251293610748
-439.30939775795406 -439.30896877733807
-439.3544479766244 -439.3536701437971
-439.3017319839119 -439.29914050732026
-439.2699619285509 -439.2659723428278
-439.2558478995215 -439.25097361429374
-439.2557692586152 -439.25083015206
-439.2569224499529 -439.2519898389206
-439.3168787666836 -439.3112543739271
-439.3576951113451 -439.3513523087077
-439.362873737473 -439.35598392069073
-439.3441086022495 -439.3368192536046
-439.31196330187214 -439.30488865395307
-439.2755349837225 -439.2692015960806
-439.25797316321007 -439.252570086902
-439.244151819851 -439.23955838667496
-439.2522510440648 -439.2469249200385
-439.28992640562325 -439.2845662315915
-439.3294653389689 -439.32397782832203
-439.35611377605625 -439.35009737786044
-439.3462125322112 -439.3397246014289
-439.3190720044151 -439.3126213068999
-439.30075008825065 -439.29489699823915
-439.2952351838116 -439.289907358918
-439.23978183448827 -439.2334984405262
-439.2157220165746 -439.20803248320306
-439.24809189252255 -439.23899470769686
-439.29804786153943 -439.29112508475305
-439.3080984686837 -439.3019829108536
-439.27388020490207 -439.27165018311337
-439.20337030576394 -439.2021246980061
-439.19459074247135 -439.1928520824958
-439.2220221327751 -439.21950458228986
-439.2538914280618 -439.2508500620736
-439.25080946645556 -439.24792855995423
-439.2698183068543 -439.2684704864806
-439.3094042886868 -439.3097847777535
-439.31611268452656 -439.31746125539144
-439.2870088007899 -439.2879511877468
-439.25369939730905 -439.2536272975034
-439.22917459122715 -439.2255707844912
-439.1692459212649 -439.16508722839944
-439.14946419586255 -439.1465426880038
-439.23611308654904 -439.23730998881547
-439.2670190443398 -439.26952398085655
-439.2652573247715 -439.2681122116216
-439.2493983383876 -439.2518229271583
-439.25296855389723 -439.25543029675873
-439.29760192134165 -439.3000776266242
-439.3147749999901 -439.31644084133484
-439.2449185550813 -439.2455670093351
-439.06702607671804 -439.0708789184739
-439.1055154396847 -439.10861881933806
-439.17064178374517 -439.1725958618076
-439.1962839709805 -439.199234446585
-439.25670614664375 -439.26169894676525
-439.3490746530279 -439.3541983601921
-439.3711795777424 -439.3746168827362
-439.28994286851196 -439.29015859543324
-439.1715503175092 -439.16907547763645
-439.11823436815274 -439.11530422156693
-439.13615918855766 -439.13399816949504
-439.1386434248536 -439.13988444846933
-439.1168425873804 -439.11890391227564
-439.1396423548427 -439.14150293539956
-439.3206341012539 -439.321111990958
-439.34097268046435 -439.34111604017187
-439.2029693459876 -439.20447761568187
-439.1574396082689 -439.16008032462594
-439.14900625544345 -439.1510573585744
-439.14989190443157 -439.1503151347249
-439.0570134294577 -439.0556515121999
-439.06431370015974 -439.06419164957543
-439.1594422030282 -439.1608512985946
-439.28984678510716 -439.29204273666676
-439.2471728551635 -439.2483711715827
-439.1787712398089 -439.1785602232926
-439.16241004008054 -439.1612666157852
-439.18946740988036 -439.18844641564783
-439.2026106727055 -439.2024788612158
-439.16503289117804 -439.1655154492287
-439.11405627748576 -439.11435234991654
-439.1529931316993 -439.1520723414928
-439.2094725679751 -439.20857258354033
-439.2183042138609 -439.21953500085357
-439.19411119621157 -439.19750102982476
-439.19660117410996 -439.2014209947722
-439.2358427142153 -439.24108982126387
-439.259512647387 -439.2638537882978
-439.2384697558662 -439.24159235376806
-439.19232542177775 -439.19493030023773
-439.1699197568225 -439.17293097871004
-439.1919671022437 -439.1955177693242
-439.2266795520108 -439.2306678998574
-439.21798668419484 -439.2223522913391
-439.1454637683364 -439.149139291001
-439.20990332421945 -439.2134723621881
-439.2824415328769 -439.2868484057856
-439.28183281416653 -439.28703063318204
-439.2337113823876 -439.2390499008581
-439.2050709085587 -439.2096023308371
-439.21811455049885 -439.2211795175368
-439.2579307406589 -439.259496079952
-439.25889892178157 -439.25886905055324
-439.176682657069 -439.1757425380814
-439.0726550512882 -439.0726694747274
-439.1230395724271 -439.12238108771396
-439.1891804658124 -439.189417258973
-439.18929165153656 -439.19008160561765
-439.1697278349153 -439.17012634794804
-439.18568671429813 -439.1858775434638
-439.2322718728438 -439.23292474905475
-439.29181196421047 -439.2937612159467
-439.3204269953932 -439.323534881623
-439.2537400239087 -439.25697199449075
-439.09108755452627 -439.0929710137259
-439.1995934741985 -439.20051229623584
-439.15977486222505 -439.16128709780656
-439.12863091365017 -439.1308008140901
-439.15240158337366 -439.1548468235072
-439.31670635534033 -439.31784740105854
-439.3446049923574 -439.3450822341413
-439.2608438828249 -439.2605192826125
-439.16742909863945 -439.1667509564361
-439.1917245399467 -439.1907023169944
-439.2502441771177 -439.2488547717778
-439.2402158560989 -439.23861273824997
-439.1786082708167 -439.1767391893809
-439.11989341916075 -439.1176447395528
-439.1642004404499 -439.1616017365925
-439.2543718178745 -439.25284561679916
-439.3036732714181 -439.30299203041966
-439.2571704273158 -439.2565020214445
-439.18524934568694 -439.1844960914255
-439.22922408873876 -439.22943572800983
-439.2938406546892 -439.2955772915211
-439.2546347887112 -439.2565561247274
-439.08280663988666 -439.0853644819224
-439.138755399708 -439.1424185019209
-439.19484016203774 -439.20098243521875
-439.2598527080808 -439.266379980253
-439.2759604337464 -439.2827346252956
-439.2324972375447 -439.23937049870307
-439.1754132459006 -439.1817860705273
-439.12503122820925 -439.13152282388955
-439.1398696787633 -439.1469143113266
-439.15049556182413 -439.1561058489572
-439.15779977817715 -439.1614082003651
-439.1852960132144 -439.18680009636546
-439.2225574895881 -439.22384700981274
-439.28760581860416 -439.29251613041254
-439.3003353595129 -439.3054384881543
-439.2551751796307 -439.25931305532515
-439.18460895292304 -439.1892172907161
-439.1432982590076 -439.150561091148
-439.1317809309334 -439.1417164088988
-439.15048122142355 -439.16129241389694
-439.16740387368435 -439.17713233243626
-439.1470315523549 -439.15323927970906
-439.3229160208931 -439.32976430061285
-439.3567167531641 -439.36353934007167
-439.1980705617559 -439.2037828840778
-439.1494951079974 -439.15557580192353
-439.15671012542634 -439.1627311856031
-439.19748565300847 -439.20331297584505
-439.1987790918309 -439.2048297729192
-439.1240241348043 -439.13075510502983
-439.1406902109042 -439.1499143294488
-439.30089678483387 -439.3142318189333
-439.21254391714075 -439.22815335433927
-439.12085466137984 -439.138684442048
-439.11119872818193 -439.1302993027354
-439.19490100669736 -439.2130826945356
-439.2812549259569 -439.2970196359398
-439.2715007868659 -439.2833275383291
-439.15763283632253 -439.1657622308261
-439.09549411199225 -439.10114577037064
-439.19274918469574 -439.19704010738917
-439.30872865717765 -439.31208195867214
-439.28115236624217 -439.2825627091862
-439.03756458094335 -439.03378270098005
-439.08216994787125 -439.07598010287103
-439.1918020651861 -439.18434153132836
-439.2398731286891 -439.23563250716904
-439.1300530623296 -439.12889210790183
-439.1252553411864 -439.1265745494465
-439.27109487461735 -439.2733529143636
-439.34988021890643 -439.35211020981643
-439.2542242777384 -439.2565762909758
-439.07205909471804 -439.0756535369572
-438.9912166240515 -438.99616370853596
-439.1705682041567 -439.17269912599363
-439.23269237039545 -439.2340067484263
-439.18453482910695 -439.1856291741839
-439.18658221380804 -439.18513527420095
-439.340820976986 -439.33766420136305
-439.3459167716541 -439.34157200434936
-439.02995140651086 -439.02104387641475
-439.007716193679 -438.99557112992494
-439.0787359797726 -439.0637626397951
-439.0941731624583 -439.0866298007753
-439.0898110139748 -439.083633188126
-439.25294439018626 -439.24693179150165
-439.38144178062595 -439.3750524865139
-439.3019571853446 -439.29471496096653
-439.1146193082786 -439.1062802687361
-439.02839750029926 -439.0189958780337
-439.0498519640368 -439.0387899395701
-439.1336571288037 -439.1219432868535
-439.12797846624215 -439.1176528615897
-439.06707649941666 -439.05718532415517
-439.0839004559796 -439.07326302976196
-439.3442175294286 -439.33215947119504
-439.304461258741 -439.2926660647935
-439.2047095413494 -439.19285232777383
-439.12720653363715 -439.1143518951933
-439.1035257159111 -439.0884919975439
-439.18553049372963 -439.17429643386214
-439.1398076368027 -439.13138868771904
-439.14483654588344 -439.13879206353226
-439.24555059394964 -439.2411384463732
-439.29308096720797 -439.2909389315254
-439.2632971253519 -439.2636796253847
-439.21638499478905 -439.2184629702849
-439.1760955986221 -439.17882411018513
-439.14968052638324 -439.1502412251912
-439.152375188329 -439.15050756262855
-439.1853540278898 -439.1821239056803
-439.19404999780386 -439.19013131528266
-439.22744062727276 -439.221382468992
-439.2681006425203 -439.2613583684175
-439.2676061844209 -439.26178665937874
-439.2538364610616 -439.25009368148903
-439.19692863593207 -439.19759752109155
-439.1635559659781 -439.16420910326593
-439.17094997990574 -439.1709838352154
-439.2094814116757 -439.2077419976795
-439.22222485760267 -439.22088711384964
-439.2671613326785 -439.26651053735
-439.2796478486965 -439.2783241339622
-439.2654949618075 -439.2610100800323
-439.2759195078214 -439.2704182763525
-439.2567528958053 -439.2514774510339
-439.2258706391319 -439.22138288476026
-439.31173301191035 -439.3111493851086
-439.2759848423599 -439.27576035915183
-439.2408482215039 -439.2420280545519
-439.27131490588647 -439.27328972602254
-439.2940403046301 -439.29783933722604
-439.168757068711 -439.1676174714633
-439.20973899465787 -439.20779824566796
-439.2886705729366 -439.28845641452494
-439.3143567065608 -439.31672032093735
-439.26909584454955 -439.2734334105428
-439.24315669945605 -439.2479579270626
-439.2905435870747 -439.29501148161546
-439.32798133880857 -439.33280317896015
-439.2844030928659 -439.29044581534583
-439.1847323293483 -439.19246109418293
-439.2176073030478 -439.226055071908
-439.31211930474944 -439.3198983836701
-439.3032493724432 -439.3095120260291
-439.23458894959407 -439.23859974096706
-439.2528809876563 -439.25538169037964
-439.35364641081975 -439.357568568333
-439.2601495026706 -439.2655172706577
-439.1305673303183 -439.1369360610462
-439.0699103476031 -439.07548280833265
-439.1173568009463 -439.12005456893763
-439.22598704944227 -439.22577186898775
-439.2855155487583 -439.28407070071034
-439.1865316822639 -439.1873475214693
-439.2482166023057 -439.2489121315533
-439.3552763456445 -439.3560071966353
-439.042074051872 -439.05036737682497
-439.08579929372326 -439.09356942942134
-439.19343219049057 -439.1996826671551
-439.234264236122 -439.2386504875807
-439.1612047117267 -439.16361987189606
-439.1203068961747 -439.12114571674084
-439.2116558735506 -439.2106341885535
-439.3448977052392 -439.34346173783894
-439.1111981295314 -439.1121212983381
-439.0704410784805 -439.07079532147293
-439.2577042058684 -439.2545630815429
-439.2402473124614 -439.23621746682704
-439.1138882471757 -439.1109603901074
-439.18842298245346 -439.1846250235567
-439.2991081259932 -439.29468581638537
-439.27426442967584 -439.27063278054976
-439.1470623828556 -439.14475687637685
-439.05572829010805 -439.0548706139297
-439.0780304701614 -439.07699934920225
-439.1955955501199 -439.1938600949618
-439.2692820248542 -439.2671045754756
-439.1447615785143 -439.1424149639837
-439.1225678358352 -439.11999199330586
-439.1630192213844 -439.16237393064216
-439.03468912654733 -439.03663486109144
-439.0542784402375 -439.0553765578903
-439.1932034787891 -439.1921511333263
-439.2784466292622 -439.27521459952527
-439.2481058519637 -439.24264565475266
-439.19324775171464 -439.1858994832596
-439.19537859373736 -439.18722695612155
-439.23459077275686 -439.2256353266142
-439.2298070382663 -439.2206554771209
-439.1616401483294 -439.1530621877994
-439.055907368241 -439.04847637930743
-439.0489570087546 -439.04049892869534
-439.14855789343227 -439.13997342284756
-439.22600021975325 -439.21783103376174
-439.2028636297521 -439.1956112350176
-439.22483361320207 -439.218473128596
-439.25220255337445 -439.2470994844834
-439.2407662335971 -439.23733936793633
-439.0763408063438 -439.076259683362
-439.0013838047744 -439.000651894896
-439.1110418273288 -439.1050170289014
-439.17479715290466 -439.1658324736105
-439.20941770982046 -439.1993940087585
-439.21378641624807 -439.2031778092051
-439.22702739516126 -439.2156067812348
-439.2288412245342 -439.2163265259733
-439.18720600762634 -439.17449464360476
-439.04471742035474 -439.03325783917364
-439.05604013259443 -439.04399869075894
-439.1746752731056 -439.1624879561082
-439.2006164590531 -439.1895841565715
-439.18966251551973 -439.1793254790658
-439.1726461472447 -439.16272881874175
-439.18373274628595 -439.1750579849785
-439.24068204156805 -439.2362094290612
-439.1844939848162 -439.1825310323211
-439.097822290988 -439.0935339007961
-439.1812029037066 -439.1734163419553
-439.21552326460943 -439.2056365773722
-439.1672499660838 -439.1570588270278
-439.09812343939956 -439.0887254543948
-439.1127038171665 -439.10256687251945
-439.2050300370566 -439.19371334432645
-439.25227237779154 -439.2405672470076
-439.19695620106637 -439.1851930566529
-439.0939043411735 -439.08342338429577
-439.1794554429047 -439.1686304530216
-439.27415803315563 -439.2634518658172
-439.24751607237823 -439.23645975522106
-439.13061737205754 -439.11880655633473
-439.19001307980875 -439.17978764934304
-439.23393203951866 -439.22591438025137
-439.18687824647907 -439.18043705898685
-439.0993026176112 -439.0931127008357
-439.0789209899877 -439.071811320096
-439.15982283589904 -439.1510774433127
-439.2894650365695 -439.27931739336685
-439.25420773321554 -439.24180892562606
-439.1457872572961 -439.13305892803635
-439.20838139138664 -439.1958141045109
-439.2275585614208 -439.2155893943028
-439.17344667901665 -439.1619334524769
-439.1167749398742 -439.1056437770269
-439.2267824382622 -439.21563146039574
-439.3330069281002 -439.32152713024874
-439.35574753800876 -439.3436292750051
-439.20641433469774 -439.19336961784836
-439.22025543352316 -439.207506557771
-439.25776570360136 -439.2472444641221
-439.0627745969423 -439.05377547224964
-439.22048237648437 -439.2100671616133
-439.3334833178392 -439.3220874009433
-439.22412606273696 -439.2124048580721
-439.17611660581235 -439.1644593119275
-439.2606626277811 -439.249480592725
-439.331586901909 -439.32095729944194
-439.2985879531337 -439.2876925608
-439.1931787164277 -439.1821576414044
-439.1102577584455 -439.09926903738295
-439.13257324486676 -439.1212292424275
-439.24122196989396 -439.22966024794107
-439.3179625145636 -439.3063763942537
-439.184082467022 -439.17255166952407
-439.18527054335686 -439.1735256504152
-439.273818625535 -439.2621411384829
-439.3243611904052 -439.3138256425136
-439.18981304890843 -439.1827372225239
-439.13607540469934 -439.1298526949181
-439.1884996369285 -439.1819331275753
-439.2177059715344 -439.20843370536693
-439.2074592791409 -439.1993775379198
-439.29582123543713 -439.28852622846944
-439.29708634720646 -439.2900617117279
-439.2354324753563 -439.22840181187274
-439.16816505779184 -439.16100076054715
-439.2481216345678 -439.24005738058565
-439.31160275100433 -439.3036057319552
-439.26835675608766 -439.26051921673627
-439.1822370452295 -439.17476876986547
-439.17333097620235 -439.16587058883124
-439.1996972040029 -439.1916058705374
-439.19796117198314 -439.18902751370535
-439.17819375977007 -439.17048631537966
-439.1376117051441 -439.13181021277705
-439.1569992191938 -439.1524374621597
-439.27151776677096 -439.2663429829232
-439.2397054521271 -439.23351864369647
-439.199313605091 -439.192554086281
-439.17019831978354 -439.16420210869455
-439.1376496378165 -439.1322605767465
-439.13297238148016 -439.12803583530723
-439.1301167369734 -439.12563349739196
-439.1184108339925 -439.11353856250867
-439.1396477971199 -439.13418432518597
-439.1923996544394 -439.1865605757662
-439.25748539911166 -439.25173811463964
-439.1784841868954 -439.1720239367884
-439.1435366307511 -439.1368726012652
-439.1535055765251 -439.1486191421185
-439.13776825224915 -439.1355355429448
-439.1400912610815 -439.1400406440093
-439.168976528541 -439.1675646271773
-439.25055003309905 -439.24747261167136
-439.27945736899284 -439.27528291681625
-439.1811054053098 -439.17757671451295
-439.1335116295215 -439.13084401693095
-439.12289230440473 -439.12072284124747
-439.08064028700494 -439.07629798333096
-439.0777036342012 -439.0729506522889
-439.13357462388063 -439.1293076528493
-439.28682751853484 -439.28573725608607
-439.2410783754088 -439.2398825095912
-439.21793688735806 -439.2164428641033
-439.1887829890935 -439.18784504599694
-439.14285629167216 -439.14383989326427
-439.1099723382152 -439.11370074846565
-439.0931737154529 -439.09910137481984
-439.0868005366802 -439.09303412618306
-439.11753024632225 -439.12188251739644
-439.1962333305907 -439.1970485020093
-439.25221419984774 -439.25071996943166
-439.2624713686248 -439.2607300319973
-439.2526650108837 -439.2517238328566
-439.2350692849841 -439.23514915762837
-439.1879125240589 -439.1881239709086
-439.15851810435123 -439.15766338208783
-439.14612965816923 -439.1442610111279
-439.1030311761774 -439.10127663001805
-439.1260088788943 -439.12441063456055
-439.16822152141833 -439.16623098196874
-439.19584088797825 -439.19414226667584
-439.2284704149739 -439.22741385592406
-439.2440986760138 -439.24274633728885
-439.15315966538316 -439.1544756382681
-439.16965820097795 -439.1721778874024
-439.1561405366894 -439.1587475333529
-439.15498593035966 -439.1548576162912
-439.159401113835 -439.15675557696153
-439.1880704317333 -439.1845266170675
-439.2323043088162 -439.22920647455476
-439.2163057008095 -439.21402403429596
-439.16358285082777 -439.16181218468915
-439.163306138241 -439.16137732892156
-439.22060822914585 -439.218481462386
-439.18015102036 -439.1774291861191
-439.16051008667006 -439.15759514430005
-439.2002486427452 -439.197561035759
-439.2504336500001 -439.2488646162682
-439.2337169879332 -439.23290695642066
-439.1301957316277 -439.1291470114865
-439.0649225821384 -439.0629917456086
-439.1188837134627 -439.1161209373462
-439.2009086004958 -439.19817936570985
-439.1975429873993 -439.19569640134614
-439.2854342139249 -439.2822580418133
-439.29865919254286 -439.29548186670286
-439.09406230327073 -439.09223969659723
-439.0912546868606 -439.089491325694
-439.21245169775267 -439.20979405499224
-439.186628990181 -439.1838680890194
-439.1465004677296 -439.14359539221215
-439.1425473608041 -439.13947646761494
-439.20860743637223 -439.2056526961554
-439.2820020962005 -439.280332708094
-439.1522443015612 -439.151481198965
-439.11659716788785 -439.11456351901325
-439.1251295973706 -439.12091035280366
-439.0965792748643 -439.0955586132098
-439.08858685534165 -439.08907789356687
-439.13041679692947 -439.13086616187655
-439.23760214802724 -439.2370423772368
-439.31795696344085 -439.3168227449445
-439.26926828310417 -439.26802114748205
-439.158921485941 -439.15829966539604
-439.1209100637623 -439.12054752257416
-439.1387163241573 -439.1378446521567
-439.17013456350554 -439.1688069461752
-439.1651146069709 -439.1635275012424
-439.1194968948403 -439.1175233411195
-439.0840671801432 -439.0816926895616
-439.12088878445826 -439.11831558876924
-439.20159280359155 -439.19982943591003
-439.2226744441262 -439.2224425129861
-439.17138076336147 -439.17152449500543
-439.1828900640766 -439.18046355298304
-439.1551724644124 -439.1527036063596
-439.10085129923664 -439.09992015445295
-439.06526658848327 -439.0664299519383
-439.16797158483564 -439.1700772624046
-439.2308147303217 -439.23210415656706
-439.2090146819788 -439.20899019212345
-439.1780051576519 -439.1771494318539
-439.19797442392826 -439.19692197946677
-439.2247054203615 -439.2236471304294
-439.2019040202161 -439.2010253820951
-439.13369794588306 -439.13266358077993
-439.08473233526854 -439.0836587284461
-439.1308129947132 -439.1300397027304
-439.23322089715055 -439.2327079387645
-439.23259087192474 -439.23239508153216
-439.1462288708835 -439.1459133817956
-439.1133673396088 -439.1129991418743
-439.171961318287 -439.17194114312144
-439.2330299820646 -439.2325298239746
-439.1336542171854 -439.13170330038884
-439.10898889150485 -439.10867695404147
-439.2338932088705 -439.23442902766226
-439.2767685030724 -439.27779925172536
-439.19535549127045 -439.1966182995187
-439.1347285771371 -439.13569540701326
-439.2034067690215 -439.202769673981
-439.2091769162635 -439.2083728071294
-439.14857601621554 -439.14857149310114
-439.08969939286834 -439.09144018537495
-439.27439950699716 -439.2761120874768
-439.1686849857488 -439.16938983944556
-439.1479932299563 -439.1484935770019
-439.19715029988436 -439.19784510081564
-439.22760166425655 -439.22829593478184
-439.1979589134381 -439.19776685807375
-439.1199641959764 -439.11828455290504
-439.0831520884351 -439.0806244038802
-439.13771380226524 -439.13568149093953
-439.22830447994056 -439.22765666222665
-439.26009796430515 -439.2608205322515
-439.2203028085466 -439.22158213829977
-439.1885525902861 -439.18975977671727
-439.20292012058985 -439.203616743704
-439.2324791147615 -439.23218753568165
-439.22446541593473 -439.2235877368147
-439.1398678556005 -439.1394936944173
-439.05807815657874 -439.0589404263411
-439.06521543107715 -439.06748486057177
-439.13995438780876 -439.1430403654042
-439.2015582179197 -439.2045628891756
-439.18738533066175 -439.1885741499479
-439.2229656603818 -439.22381273219196
-439.25522726222397 -439.2567522739522
-439.23898818719704 -439.24158665983174
-439.1753369179622 -439.17862017397033
-439.1146020562597 -439.11723292494645
-439.1264923163823 -439.12663393993773
-439.15784337081794 -439.15803595281614
-439.1637950180063 -439.1647009090149
-439.1570145119928 -439.1589573977775
-439.21956317585705 -439.221818229569
-439.24433740150533 -439.24525355085905
-439.2217752166564 -439.22143046555726
-439.19385162679816 -439.1931407580411
-439.1700871612707 -439.1697736853824
-439.15576654339685 -439.15606231904644
-439.1496079264047 -439.1514585945621
-439.170280851918 -439.17232862707084
-439.2078482931187 -439.2090011368716
-439.1759804128242 -439.17661029413125
-439.2117838214887 -439.2140710686545
-439.1819984285835 -439.1843484815996
-439.15425824346863 -439.15660249036864
-439.1513661901271 -439.1536082932547
-439.142489019592 -439.14458195102463
-439.1392616403376 -439.14108497955067
-439.1795991190241 -439.1798213314253
-439.1495025367059 -439.14892500070283
-439.1206756104584 -439.1197733260883
-439.1059441822864 -439.10738220443034
-439.15418341215644 -439.15638623612796
-439.2164361521952 -439.2191055731138
-439.22123656726563 -439.22378831736603
-439.12920934608763 -439.13140584736874
-439.1608704470581 -439.1629992770357
-439.1866596846247 -439.18874529485373
-439.17966516105844 -439.1814314790185
-439.144392673751 -439.14601785908195
-439.1195393990257 -439.12111177382883
-439.199061600443 -439.1999456246253
-439.2532458651345 -439.2545254192237
-439.2388170820003 -439.24047163488865
-439.1812535440965 -439.1830842632134
-439.16006860913956 -439.1619674115942
-439.1776346474168 -439.1790842837919
-439.19113263787307 -439.19119063645013
-439.17589722761636 -439.17438970932426
-439.0487732774747 -439.04711133306444
-439.1941793063113 -439.19530234555174
-439.2424352167612 -439.2445963118698
-439.20544179975326 -439.20775793712863
-439.2117573720213 -439.21350407127784
-439.2719436249657 -439.2736357501368
-439.2737146236168 -439.2752951271111
-439.18812011972454 -439.18969853509293
-439.0736493553417 -439.0757629663211
-439.044810646564 -439.04741580421654
-439.10721413768255 -439.10986797266827
-439.18456106088325 -439.1863950727999
-439.13648188838715 -439.1379932855457
-439.12586680824677 -439.12732015208695
-439.2050195334615 -439.20658010853157
-439.3072437046188 -439.3090282758229
-439.33390422356166 -439.3355875644574
-439.25761715664385 -439.2589704449331
-439.1703704590129 -439.1715307223507
-439.1688661319471 -439.1698654556278
-439.2147209096745 -439.2148120125687
-439.148871096488 -439.1486038602076
-439.07511025303506 -439.0746769835963
-439.09116080757804 -439.0904745279373
-439.1885615428322 -439.18778599606867
-439.25879671581475 -439.25830993993026
-439.23682561669796 -439.23714411747335
-439.16123287551153 -439.16260657504404
-439.2262795174217 -439.2283445863975
-439.2660538564697 -439.26790960738356
-439.23572788216535 -439.23693748908977
-439.15156099644116 -439.15206403716803
-439.07918545745065 -439.0795473860399
-439.1019303123354 -439.1024831881805
-439.18894701932976 -439.18998402119774
-439.23742989995225 -439.2387065570231
-439.19250713941506 -439.19336668874155
-439.16890885382344 -439.1694802914851
-439.24416773851203 -439.2451218686834
-439.27487274021536 -439.27659024381865
-439.18645429308134 -439.18921837803475
-439.1751718809046 -439.1782141732307
-439.2226582533514 -439.22531583929936
-439.23060000527283 -439.232116474954
-439.18359238995566 -439.18470227052927
-439.18240336122227 -439.18322853354846
-439.2301593168726 -439.2311848496346
-439.2392078919296 -439.24151151578434
-439.192968590103 -439.19540415428935
-439.2508000785273 -439.2513063317648
-439.27602647578084 -439.2767883114882
-439.2384508167415 -439.2392745143182
-439.16520595559456 -439.1657028082817
-439.20986024859496 -439.2099027755584
-439.1950872142134 -439.1962665634863
-439.1539922249567 -439.15531035939694
-439.1693467122396 -439.17081371044844
-439.24429666606005 -439.24611360263145
-439.2574750315734 -439.2595329515565
-439.17286797446536 -439.1748190867592
-439.2243742850022 -439.2266256818804
-439.19231883662235 -439.19350403195864
-439.2379811210035 -439.23922111161005
-439.2187210106641 -439.22016049193064
-439.15448583950325 -439.1551304434388
-439.1968537774085 -439.1971904918536
-439.23005243054746 -439.230538727312
-439.20008412270386 -439.20075107299266
-439.1269463383619 -439.12763211219885
-439.1084633580023 -439.1090615871136
-439.15917893286627 -439.159389190369
-439.1795657850759 -439.17892015713767
-439.1420938286295 -439.1407965816669
-439.11650979212664 -439.11531894070185
-439.15275758994 -439.1522471965713
-439.20924815567275 -439.20936250818556
-439.18051565293564 -439.1808225167493
-439.1458386051819 -439.14647589618755
-439.13954074752644 -439.140238957871
-439.1536338509999 -439.15394049642646
-439.15629006325685 -439.1566480013358
-439.1204313066327 -439.12130128434165
-439.06565244594026 -439.066982070909
-439.12473783504277 -439.12642547120106
-439.1563465813061 -439.1576334539738
-439.11236313061073 -439.1127151544532
-439.068311243279 -439.06770581445494
-439.14337719923907 -439.14402195290074
-439.1698145303919 -439.17210037421455
-439.14323719665686 -439.1463114365638
-439.0928862271572 -439.09531528928795
-439.07343645345566 -439.07416848885646
-439.17166016987545 -439.169220828355
-439.12947993611243 -439.1278362078624
-439.05919499350443 -439.0588197880098
-439.0323894922957 -439.032756573314
-439.10312445680944 -439.1038714409283
-439.06791033792547 -439.068362732944
-439.1678767259432 -439.16921995537336
-439.1954430030886 -439.19759549893547
-439.1622155875144 -439.16529889658756
-439.1039553836999 -439.10703487828386
-439.0774647182299 -439.0795749004266
-439.0927974364039 -439.0942304046056
-439.0712983732042 -439.0748651931774
-439.01878447945734 -439.02450893863545
-439.0233860881399 -439.0306841936347
-439.10437337780394 -439.1117393970229
-439.19339365916767 -439.19893090791663
-439.21404712853973 -439.21648770995364
-439.18535846334584 -439.18594277901855
-439.16226826875817 -439.162670415687
-439.1699811729213 -439.17108823565525
-439.157395308132 -439.1589323451902
-439.046789893954 -439.0480697059768
-439.0183644444992 -439.0194514995061
-439.152250696237 -439.1518449570281
-439.23387440580257 -439.23566551285046
-439.23100613521257 -439.23379431734605
-439.22808665279365 -439.23092181241793
-439.2163009932397 -439.21795021065304
-439.15973801800806 -439.1598366500364
-439.0416209278682 -439.04510642915614
-439.0766385261208 -439.08266879910695
-439.1757502044965 -439.17868656468715
-439.21828413185796 -439.2190147852624
-439.24437949751984 -439.2441950073569
-439.22890688560926 -439.22940325684675
-439.18436407765824 -439.18649818472863
-439.1002742817912 -439.1019262267514
-439.0715993039246 -439.06675905396855
-439.072194498576 -439.06588171074657
-439.0923070055895 -439.0878200272109
-439.1206951754451 -439.1186662539229
-439.155408659245 -439.15461528931183
-439.17555390155616 -439.17444443833506
-439.19130153894747 -439.18949937516294
-439.2030850215905 -439.20090185024765
-439.1846036194914 -439.18283274588873
-439.13581216174885 -439.1347344342217
-439.09729708402216 -439.0973548148669
-439.0798242175314 -439.0813077603732
-439.09585828197436 -439.0971366953412
-439.0980228933274 -439.09857041749984
-439.0947151588495 -439.09499224524365
-439.13216474753636 -439.1332571437018
-439.196260541977 -439.19831758031773
-439.184099800675 -439.18478049117914
-439.18285000891615 -439.18186052922783
-439.1606295990784 -439.15882357564533
-439.1515915276166 -439.1505712617013
-439.12774050266944 -439.1268536872126
-439.074506976602 -439.07272872758347
-439.0440611361413 -439.04102263715356
-439.0616538687883 -439.057256048299
-439.10006127105976 -439.0941626154828
-439.10676343549216 -439.1003123761128
-439.1185059105761 -439.1153315739533
-439.1877695554355 -439.18758640246483
-439.173098182793 -439.1719869467804
-439.10754442948877 -439.10460273559204
-439.0454735431444 -439.0416372196619
-439.03156057904783 -439.0292183758039
-439.0432577471737 -439.0444804904861
-439.03860348445886 -439.0431653021394
-439.02358905786986 -439.0282801079382
-439.05851364760423 -439.0569311203067
-439.1128628949305 -439.1098562276861
-439.179688018623 -439.177003924122
-439.2021788007944 -439.20207862918573
-439.1463809281098 -439.1469273610371
-439.1031110143847 -439.10278574553195
-439.0808786315371 -439.0787821418512
-439.05314699079736 -439.0493026163135
-438.9860963119244 -438.98195770001985
-438.99796695263757 -438.9964751923449
-439.0467450768008 -439.0476039756004
-439.12046265414966 -439.1223564450662
-439.1724758583896 -439.1739304973483
-439.1950820984728 -439.1949316109949
-439.20110740688375 -439.19948436406474
-439.1847014444249 -439.1832562842443
-439.1344122991948 -439.134280021163
-439.0809456803927 -439.0815743456897
-439.04316171819164 -439.04331157584994
-439.01692338390643 -439.0161366663591
-439.04062861024596 -439.03938569902533
-439.12228187137714 -439.1214064147073
-439.2183003770555 -439.2192560534456
-439.20497882522767 -439.20490137299066
-439.19680340913254 -439.1963199125814
-439.165685692334 -439.1654168017362
-439.1003889505729 -439.1007963806999
-439.0210877600348 -439.02229233389664
-439.01417296583026 -439.0148124536057
-439.05554273566526 -439.0557466335626
-439.1072107090479 -439.10542686946286
-439.1549815493264 -439.152233583872
-439.18920928267045 -439.18708826217915
-439.19276183799036 -439.19217014319725
-439.1802195114191 -439.18050001586005
-439.1594471010777 -439.1593818447623
-439.1119259796907 -439.11061784866973
-439.0804172624832 -439.07793895802513
-439.0649591542416 -439.06235693309736
-439.046083132619 -439.04458445491514
-439.03141981454684 -439.0313970860052
-439.0411128096529 -439.0422560885859
-439.08537604782157 -439.0868374375061
-439.14580682228285 -439.1467246339892
-439.182959480323 -439.1831719029878
-439.17582043708444 -439.17584959143636
-439.1479609844636 -439.14857781177034
-439.14066422403033 -439.14200837041983
-439.2000878234524 -439.20108970445784
-439.16863943388825 -439.1681389324922
-439.1123333613543 -439.11065701962843
-439.080223082031 -439.07842555343257
-439.0989993739229 -439.0979912108309
-439.12410122466156 -439.12437534074013
-439.13645549334245 -439.1374486558792
-439.11978122661526 -439.12037028675013
-439.10701873271785 -439.1063110669329
-439.20966712938684 -439.2070500155255
-439.2568397001274 -439.25423177905117
-439.223380906136 -439.22136858443355
-439.1478234853289 -439.1465879285217
-439.1132639907638 -439.11278848879965
-439.12979117994837 -439.13062881612086
-439.1312631798873 -439.1324896217985
-439.08369533655014 -439.08388609790177
-439.0203621956319 -439.01778065437236
-439.2475997201795 -439.2478289457757
-439.1699226684409 -439.1706477175937
-439.10996730410875 -439.1101970583127
-439.15134578158734 -439.15076589183514
-439.21474850202026 -439.21354743073556
-439.19574709032986 -439.19452730117473
-439.0926400457458 -439.0919438576919
-439.00994186738285 -439.0097389575513
-439.03520475510527 -439.03516040085617
-439.1399811366014 -439.13998087782943
-439.21895764087884 -439.2187795564105
-439.2027421309125 -439.2017895039777
-439.151409728345 -439.1499396424506
-439.22267006309306 -439.2224412492511
-439.2334471870385 -439.2334153588125
-439.0582104855501 -439.05786274597904
-439.00730660789327 -439.0079965045951
-439.0391623246981 -439.04122839913157
-439.11529317104754 -439.11838646851885
-439.14717133724616 -439.1502000871191
-439.1028685065104 -439.1047108936338
-439.07434310963396 -439.07473927291704
-439.14071894612806 -439.1398660217183
-439.252865041784 -439.25176461026314
-439.2832526770895 -439.28289950446697
-439.20491283761606 -439.20531394979184
-439.0846759804877 -439.0849102698884
-439.1441137026192 -439.1441688915146
-439.1883619745255 -439.18836716805544
-439.0608137444494 -439.06046464475276
-439.0638200856132 -439.06359363048614
-439.2157081115561 -439.216846813183
-439.1935272398627 -439.1938435236016
-439.1322749264393 -439.1310478559178
-439.1086792259294 -439.1070000906684
-439.139763064552 -439.13898627195874
-439.2192490476142 -439.2206208704922
-439.167676422929 -439.1687133891852
-439.09451213469674 -439.094629621807
-439.0960727893321 -439.09525326122434
-439.14748783287956 -439.14644248814807
-439.06391312134286 -439.0644614894722
-439.0735761567127 -439.0737076477529
-439.16093817619844 -439.16093421079336
-439.22735945570753 -439.22726504163103
-439.1485357705753 -439.1481719239538
-439.21047800148557 -439.210243130419
-439.25545281740455 -439.2551066685937
-439.202451350039 -439.202031694238
-439.0885715081199 -439.08635092961833
-439.14445425311806 -439.14138546267543
-439.18762778411315 -439.1866371688432
-439.17304536549227 -439.17298439277937
-439.18835163419874 -439.18828087950243
-439.2400679350033 -439.23971907310954
-439.2875366744718 -439.28708886889956
-439.27617311794125 -439.2757426904814
-439.2082970088779 -439.20785987081376
-439.1480507548268 -439.14772276364045
-439.18509043119127 -439.18561248636775
-439.16134789804124 -439.1627351767115
-439.14025308719556 -439.14149497939655
-439.25303350747623 -439.25273678240444
-439.2864595117473 -439.28591204686376
-439.2259684096427 -439.2259895700308
-439.1981593525092 -439.19866156627154
-439.2238682348522 -439.2242233132192
-439.25229752111244 -439.2521535261968
-439.2189235994347 -439.2184675678593
-439.1440345174853 -439.1439244070518
-439.1230967979724 -439.1232683029275
-439.182025585547 -439.18219066596976
-439.24844713717 -439.24843239675954
-439.24461269909995 -439.2446028383896
-439.1786609248491 -439.17866321635586
-439.1569221565479 -439.1570615284717
-439.20584218809046 -439.2060971001582
-439.2608059501525 -439.2608000133446
-439.21997058473187 -439.2202454557592
-439.1693995295402 -439.1703206151239
-439.2428274961053 -439.24387890019403
-439.2666665752538 -439.26733892645143
-439.21847706058645 -439.2191078028243
-439.1858410572809 -439.18605983191526
-439.2299610819238 -439.23009048989496
-439.23403566047745 -439.2345363416448
-439.14215426511845 -439.14383943141394
-439.1666774929399 -439.16803848746133
-439.23408050484204 -439.2346433320532
-439.25073368274485 -439.2506679361207
-439.1842608376588 -439.18402720432346
-439.12916523643054 -439.1290417838509
-439.2268582219729 -439.2288042160475
-439.2302027190337 -439.23314628677076
-439.1569331771594 -439.1598769040769
-439.08455644086786 -439.0874927726266
-439.1014760998762 -439.10477458098916
-439.1951629707127 -439.19871282201456
-439.22876971301116 -439.23127432939157
-439.14827663654404 -439.1501809004521
-439.12312833596906 -439.1249735981955
-439.22695370672733 -439.2287444438555
-439.13035592505855 -439.1318770720517
-439.0711425063837 -439.07247417302096
-439.1132253778067 -439.11476345059725
-439.2178910361722 -439.219858425477
-439.25132346233033 -439.2530834462901
-439.17755042817635 -439.17815162372807
-439.2342098405608 -439.23415463284834
-439.25354244203317 -439.25414193375275
-439.1112851515447 -439.11230661902346
-439.1963347202158 -439.19931540649895
-439.2400242879397 -439.2431117117774
-439.1630446368191 -439.16529073559514
-439.13736253048023 -439.13886307377135
-439.2532380282553 -439.2563783030521
-439.226751634973 -439.2311874635211
-439.1453901071138 -439.15037047173166
-439.0958345536455 -439.0999777163677
-439.1313105549108 -439.13406988041584
-439.2436706136967 -439.2467567397857
-439.16286006198624 -439.1652492316418
-439.23000211669427 -439.23137117442434
-439.14639083305445 -439.14731649694323
-439.06076443741756 -439.06079834693605
-439.0641800106191 -439.0635947219897
-439.14078751882147 -439.1400710191807
-439.21418166163335 -439.2140823722937
-439.20965697953966 -439.21064131434935
-439.1671746177553 -439.1689049105245
-439.17716527821545 -439.1786401021817
-439.2276547536712 -439.22854949347146
-439.24736287227364 -439.24864529415925
-439.1928443973363 -439.19567920101184
-439.09800724678036 -439.1020526196196
-439.06617460523097 -439.0692184625299
-439.13876244745705 -439.1415556283916
-439.1809137555164 -439.1839415317872
-439.1860149924618 -439.1888647259517
-439.19481681466834 -439.19669650061735
-439.24028886424827 -439.24141603794004
-439.271526719317 -439.2730063759499
-439.2393366017866 -439.2418959980663
-439.0650069646472 -439.0696503580457
-439.1185807146769 -439.1221971981522
-439.143196134675 -439.1454932456069
-439.17634360319636 -439.1782448184242
-439.2441073836573 -439.24603208000104
-439.2483625641816 -439.24959279240716
-439.1892741274038 -439.1908458344287
-439.14124309185 -439.14304020694203
-439.1235350373479 -439.1240723172888
-439.07922597520474 -439.07769164695105
-439.0762248586271 -439.0758328712918
-439.1194756427478 -439.120414218746
-439.2047746581967 -439.2065864881521
-439.28539429482123 -439.2871160457786
-439.24363112997526 -439.24434883614765
-439.1762836565125 -439.17677618597435
-439.168422423083 -439.16890264800304
-439.18499173549344 -439.18580925322465
-439.14339434241236 -439.1457037261225
-439.2709201503062 -439.27507423100076
-439.32103914273813 -439.32418624511376
-439.2938321375254 -439.296034495822
-439.2439104004323 -439.2460397182598
-439.24195371128155 -439.2448524124456
-439.26070091420155 -439.26435292363976
-439.2449325417339 -439.2486145083742
-439.1224274795049 -439.12486728338996
-439.13698214251184 -439.1386122041539
-439.2105938403568 -439.21176785868784
-439.28025539731726 -439.28180861752463
-439.23551446326303 -439.2368183323638
-439.2106106569935 -439.21137028870885
-439.24332979108397 -439.2441971970712
-439.2703042205785 -439.27177113349444
-439.2276711077143 -439.2289524384114
-439.1335067314719 -439.1344872270654
-439.1806406076213 -439.1830986350734
-439.2380693131063 -439.24172548123136
-439.27254627553685 -439.27615451630584
-439.2451480014902 -439.2480228018326
-439.1758350495988 -439.17781719322284
-439.16128550233253 -439.16305169218936
-439.21249526318206 -439.2168133042942
-439.1573127487861 -439.16141215430366
-439.1930403465286 -439.19501412860905
-439.24684324364193 -439.2484570500808
-439.2619019159449 -439.263507598037
-439.15706874428565 -439.15837300072997
-439.199367782961 -439.2004510775887
-439.26564870613987 -439.2668582886902
-439.2530093437653 -439.2548914993813
-439.1954646361406 -439.1977227292638
-439.17693994072596 -439.17954881058006
-439.1955790600198 -439.19859110575766
-439.21456485237445 -439.2176361690339
-439.23153765522005 -439.23438626577513
-439.23221198058263 -439.23444063748195
-439.17927484093417 -439.1805699222521
-439.2123799685386 -439.2138928942747
-439.2380899121257 -439.2403135442937
-439.2047041262835 -439.2076221222893
-439.16064432043845 -439.1642214446075
-439.1457797197421 -439.14924968059785
-439.219101371421 -439.21973606240783
-439.2572612045003 -439.2577088701545
-439.2449859032623 -439.246165184141
-439.1984206906627 -439.2004147142479
-439.18671416181996 -439.1891485855187
-439.2408746709713 -439.24330618450927
-439.2620684224173 -439.26398403102644
-439.2364204663681 -439.23744188576995
-439.2032722359279 -439.2039226952312
-439.1977371678516 -439.1990844575165
-439.2147548966959 -439.2174707650926
-439.24521850619186 -439.24891860689763
-439.26262391565615 -439.2661939089769
-439.231071687442 -439.2326679799097
-439.26701493542055 -439.26811471490277
-439.291907884347 -439.2937010044886
-439.24109630771227 -439.2453476968893
-439.22357514101094 -439.2280871039224
-439.21515435984605 -439.21869430052783
-439.2059238494606 -439.20782878948404
-439.2130596545442 -439.2131662672538
-439.2122292446702 -439.21258107304254
-439.2408222890528 -439.24195779463264
-439.2778013928715 -439.2796785064951
-439.2782302715301 -439.2802969471785
-439.24119745243496 -439.2429685728821
-439.2201524384262 -439.22141658758136
-439.236495352103 -439.23746633437236
-439.23798596463024 -439.2391568537612
-439.2081224478352 -439.20986660227504
-439.17345508733496 -439.1757566167299
-439.1641746168444 -439.16657622784373
-439.2005622267602 -439.2022808664976
-439.25591709807674 -439.2565333632068
-439.24952927957827 -439.249761725983
-439.18748203992845 -439.1881546558267
-439.15519104978915 -439.1567342156473
-439.1694821160975 -439.1723036023418
-439.19282605686186 -439.1967430224313
-439.1824969411796 -439.1868392789239
-439.1599432462832 -439.16300597224426
-439.16945857824845 -439.1712841088223
-439.23688926413035 -439.23845371304645
-439.2767993879957 -439.2786931240013
-439.2465422312872 -439.2486157252631
-439.1996244135447 -439.2017622661505
-439.1843802412217 -439.18639584940604
-439.1982354355452 -439.1999544193121
-439.21705496632984 -439.2186844471439
-439.22274508488493 -439.2244130317105
-439.20152872077693 -439.20339897225983
-439.18732059477384 -439.18927220725845
-439.20717932839926 -439.2088183222047
-439.23423329677576 -439.2353142594133
-439.23080534239347 -439.23204751890006
-439.1662667098532 -439.16892341167295
-439.1674093975958 -439.1700771077137
-439.228349460362 -439.2309380455793
-439.24794897832203 -439.25068606775335
-439.2327803175958 -439.2352225016381
-439.21172768439885 -439.2136285559
-439.21548609385576 -439.217176535597
-439.2499319536719 -439.25220647922015
-439.20884221621276 -439.2109643958275
-439.17033192769 -439.1722652067739
-439.15825031709926 -439.15997651750934
-439.2040622641048 -439.205508052774
-439.2046311453457 -439.20624928113864
-439.191830664353 -439.1936653119403
-439.22257180277734 -439.22481000211786
-439.2528790284365 -439.25423240302246
-439.20903952597445 -439.2102107745286
-439.18109784054434 -439.18245373930347
-439.1723331890915 -439.1742251041103
-439.18080915494767 -439.1833195330795
-439.1899917188705 -439.1928882728867
-439.19229268648013 -439.1951113421038
